GOID	TERM	CORRECTED_PVALUE	UNCORRECTED_PVALUE	NUM_LIST_ANNOTATIONS	LIST_SIZE	TOTAL_NUM_ANNOTATIONS	POPULATION_SIZE	FDR_RATE	EXPECTED_FALSE_POSITIVES	ANNOTATED_GENES
GO:0015688	iron chelate transport	0.000832738725478093	3.20284125183882e-05	2	6	11	7166	6.00%	0.06	YOR383C, YOR382W
GO:0015891	siderophore transport	0.000832738725478093	3.20284125183882e-05	2	6	11	7166	3.00%	0.06	YOR382W, YOR383C
GO:1901678	iron coordination entity transport	0.00258135501229825	9.92828850883942e-05	2	6	19	7166	3.33%	0.10	YOR383C, YOR382W
GO:0051181	cofactor transport	0.00998645055359799	0.000384094252061461	2	6	37	7166	6.50%	0.26	YOR383C, YOR382W
