GOID	TERM	CORRECTED_PVALUE	UNCORRECTED_PVALUE	NUM_LIST_ANNOTATIONS	LIST_SIZE	TOTAL_NUM_ANNOTATIONS	POPULATION_SIZE	FDR_RATE	EXPECTED_FALSE_POSITIVES	ANNOTATED_GENES
GO:0015688	iron chelate transport	0.000534254324271913	2.13701729708765e-05	2	5	11	7166	0.00%	0.00	YOR382W, YOR383C
GO:0015891	siderophore transport	0.000534254324271913	2.13701729708765e-05	2	5	11	7166	0.00%	0.00	YOR383C, YOR382W
GO:1901678	iron coordination entity transport	0.00165733589428574	6.62934357714297e-05	2	5	19	7166	0.67%	0.02	YOR383C, YOR382W
GO:0051181	cofactor transport	0.00642246991763919	0.000256898796705567	2	5	37	7166	2.00%	0.08	YOR382W, YOR383C
